image_width: 752
image_height: 480
camera_name: mv_25002315
camera_matrix:
  rows: 3
  cols: 3
  data: [504.882251, 0.000000, 382.262184, 0.000000, 504.047986, 266.191813, 0.000000, 0.000000, 1.000000]
distortion_model: plumb_bob
distortion_coefficients:
  rows: 1
  cols: 5
  data: [-0.302089, 0.099491, 0.000504, -0.000647, 0.000000]
rectification_matrix:
  rows: 3
  cols: 3
  data: [1.000000, 0.000000, 0.000000, 0.000000, 1.000000, 0.000000, 0.000000, 0.000000, 1.000000]
projection_matrix:
  rows: 3
  cols: 4
  data: [412.691681, 0.000000, 383.535759, 0.000000, 0.000000, 465.620850, 270.703903, 0.000000, 0.000000, 0.000000, 1.000000, 0.000000]
